110
111
110
109
108
107
106
105
106
107
106
105
104
105
104
105
104
103
102
101
102
101
102
101
102
103
102
101
102
103
104
103
102
103
102
102
103
104
103
104
105
104
105
104
103
104
105
104
103
104
105
106
105
106
107
106
105
104
103
102
101
100
101
102
103
102
103
104
105
106
105
104
103
102
101
102
101
100
99
100
99
98
97
96
97
98
97
98
97
96
97
96
97
98
97
98
99
100
99
100
99
98
99
100
99
100
101
100
99
100
101
100
101
100
101
100
99
98
99
98
97
98
97
96
95
96
95
94
95
94
93
92
91
90
91
92
93
94
95
96
97
96
95
94
95
96
95
94
95
96
95
94
93
94
95
96
97
98
99
100
101
102
103
104
105
106
107
108
109
110
109
108
107
106
107
106
105
106
105
106
107
106
107
108
109
110
111
112
111
110
111
112
111
110
111
110
109
110
111
112
111
112
111
110
109
110
109
110
111
110
111
110
111
112
111
112
111
110
109
108
109
110
111
112
112
113
112
111
112
111
110
111
112
113
112
111
112
111
112
111
110
111
110
111
110
111
112
113
114
115
114
115
114
113
112
113
112
113
112
113
114
113
114
115
116
115
116
115
114
114
113
114
115
114
115
116
117
118
117
116
117
116
115
114
115
116
115
116
117
118
119
120
119
120
121
122
121
120
119
120
121
120
121
120
119
120
119
118
117
116
115
114
115
116
117
117
118
119
120
121
122
123
124
125
126
127
126
127
126
127
128
129
130
129
130
131
130
129
128
127
128
129
128
127
128
127
126
127
126
125
126
127
128
129
130
129
130
131
131
132
133
134
133
134
133
134
133
132
131
132
133
134
133
132
133
134
135
134
135
136
135
136
135
134
133
132
133
134
133
134
133
134
133
134
133
132
133
132
132
131
130
131
130
131
132
133
132
133
134
133
134
133
134
135
136
137
138
139
138
137
138
137
138
139
140
139
140
141
142
143
142
141
140
139
140
139
138
139
138
137
138
137
138
139
138
137
136
137
138
137
138
139
140
141
142
141
142
141
140
141
142
141
140
141
140
141
142
143
142
143
142
143
144
145
146
145
146
145
144
145
146
145
146
145
144
143
142
141
142
142
141
142
141
142
143
142
143
142
141
140
141
142
141
140
139
140
141
140
139
140
139
140
139
140
139
138
139
140
141
140
139
138
137
136
135
134
133
132
133
134
133
134
133
132
133
132
133
132
133
134
135
134
135
136
137
138
139
138
137
138
137
138
137
136
135
134
135
136
137
136
137
136
135
134
135
134
135
134
133
134
135
134
135
136
137
136
137
136
135
134
135
134
133
132
133
133
134
133
132
133
134
133
134
133
132
131
132
131
132
133
134
133
132
131
130
131
132
133
134
135
136
135
134
135
134
133
132
131
130
130
131
132
131
130
131
132
133
134
135
136
135
134
133
134
135
136
135
134
133
134
133
132
133
132
131
132
131
132
133
132
131
132
131
132
133
134
133
133
134
135
136
135
136
137
138
137
136
137
136
135
136
137
138
139
140
141
142
143
144
145
144
145
146
145
146
147
148
147
146
146
147
148
147
148
149
148
149
150
149
148
147
146
147
146
145
144
143
142
143
144
145
146
145
144
143
144
145
146
145
146
147
146
145
144
145
146
147
148
148
147
146
147
148
147
146
147
146
147
148
147
148
149
148
149
150
149
149
148
149
150
151
152
153
152
153
154
155
155
156
157
158
159
158
157
156
155
154
153
152
153
152
151
150
149
148
147
148
149
150
151
152
151
150
151
150
151
152
151
150
151
152
153
154
155
156
157
156
155
154
155
156
157
158
159
160
161
160
161
162
163
164
165
166
167
166
165
164
163
162
161
160
161
160
161
160
160
159
160
159
160
159
160
159
160
161
162
163
162
161
160
159
158
159
158
159
158
159
160
160
159
158
157
158
159
160
159
158
159
158
159
158
157
158
157
158
159
160
161
160
161
160
161
160
159
160
161
162
163
164
163
162
163
164
163
162
163
162
163
164
165
166
167
166
167
166
165
164
163
164
163
162
161
162
163
162
163
162
161
160
161
162
163
164
165
166
165
166
167
168
169
170
171
172
171
172
173
174
175
176
177
178
179
180
181
182
183
184
185
186
187
188
189
190
189
190
189
188
187
188
189
190
191
190
191
190
191
192
193
194
195
196
197
198
199
198
199
200
201
200
201
202
203
204
205
204
203
204
205
204
203
202
201
202
203
202
203
204
205
204
205
206
205
206
205
204
203
202
203
202
203
204
203
204
205
206
207
208
207
208
207
206
207
206
207
208
209
210
209
210
209
210
211
210
209
208
207
206
205
204
205
204
203
202
203
204
203
204
203
202
203
202
201
200
199
198
199
200
201
200
201
202
201
200
201
202
203
204
205
206
207
208
209
210
211
210
211
212
211
212
213
212
213
214
215
214
215
214
213
214
215
216
217
216
217
216
217
216
217
216
217
216
215
216
215
214
215
214
215
216
215
216
215
216
217
218
219
220
221
222
221
222
221
222
223
224
223
224
223
222
223
222
221
222
221
222
221
220
221
220
219
218
219
218
219
220
221
222
223
222
223
224
223
222
223
222
221
222
223
224
223
224
225
226
225
224
223
224
225
226
227
228
229
228
227
228
227
228
227
228
229
230
229
230
231
232
233
234
235
236
237
238
237
236
235
236
237
238
239
240
241
242
243
244
245
246
247
248
249
248
249
248
249
250
251
252
251
252
251
252
251
252
253
254
255
256
257
256
255
256
255
254
253
254
253
254
255
254
255
254
255
254
253
254
255
256
257
258
257
256
257
256
255
256
257
258
259
260
261
260
260
261
262
261
262
261
260
261
260
259
260
261
262
263
264
265
266
267
268
267
266
267
268
269
268
269
270
269
268
269
268
269
268
269
268
269
270
271
272
271
272
273
274
273
274
273
272
273
274
275
276
275
276
275
274
273
274
273
274
273
274
273
274
275
276
277
278
279
280
281
282
283
284
285
284
283
284
284
283
282
283
282
283
284
285
286
287
288
287
288
289
290
291
290
291
290
291
292
291
292
293
292
291
290
289
288
289
288
287
288
289
290
291
290
289
288
289
288
287
288
287
286
285
284
283
282
283
282
281
282
283
284
285
284
283
282
283
284
285
286
285
286
287
286
287
286
287
286
287
288
289
288
287
286
285
286
286
287
286
286
285
284
285
286
285
286
285
284
285
286
287
288
287
286
287
288
289
290
291
290
289
288
289
290
289
288
288
289
290
291
292
291
292
293
294
295
296
297
298
299
300
301
300
301
302
301
300
299
300
301
302
301
302
301
302
303
304
305
306
307
308
309
310
311
310
309
310
311
310
311
312
313
312
313
314
313
314
315
316
317
316
315
314
315
316
315
316
315
314
315
316
317
318
317
316
315
316
317
318
317
316
317
316
317
316
315
316
315
316
315
316
315
316
317
316
317
316
315
314
315
316
317
316
315
314
313
312
313
312
313
312
313
314
313
312
311
310
309
310
311
312
313
314
313
312
313
314
313
314
313
312
313
314
315
316
315
314
313
312
311
310
311
312
313
314
315
316
317
316
315
316
317
316
315
314
315
314
315
316
315
316
317
318
319
318
317
316
317
318
319
320
321
322
321
320
321
320
319
318
317
316
317
318
317
318
319
320
321
322
321
322
321
322
323
324
325
326
327
328
329
328
329
330
329
330
329
330
329
328
329
330
329
328
327
328
327
328
329
330
330
331
332
331
332
333
332
333
334
333
334
335
336
337
336
337
338
337
338
337
336
337
338
337
336
335
336
337
338
339
340
341
342
341
342
343
342
343
344
343
342
341
340
341
342
343
342
341
340
339
340
341
342
343
344
345
346
347
348
349
350
349
350
351
352
353
354
355
356
357
358
359
360
361
362
363
364
365
366
367
366
367
368
369
370
371
370
371
372
373
373
374
375
376
376
375
376
377
378
379
380
381
380
379
380
379
380
379
378
377
376
375
374
375
375
376
375
376
375
376
375
376
375
376
377
378
377
378
379
380
381
382
383
384
383
382
381
380
381
382
383
384
385
384
385
384
385
386
385
386
387
386
387
388
389
390
391
390
389
390
391
390
389
390
389
388
389
388
387
388
387
388
387
388
389
390
389
390
389
390
391
392
393
394
393
392
391
392
393
394
393
392
391
390
389
388
387
388
389
390
389
390
389
390
391
390
391
390
389
388
387
386
387
386
385
386
387
386
385
384
383
382
383
384
383
384
383
382
383
384
385
384
383
384
383
382
383
382
383
382
381
380
379
378
379
378
377
378
379
378
379
378
377
376
377
376
375
374
373
374
373
372
371
372
371
370
371
372
371
372
371
372
373
372
373
374
373
374
373
372
371
370
371
372
373
374
375
376
377
376
376
377
378
377
376
375
374
375
374
373
374
375
376
377
378
379
378
377
378
379
380
381
382
383
384
385
386
387
388
389
388
387
386
387
388
389
388
389
388
387
388
387
386
385
384
385
384
385
386
385
386
385
386
387
386
385
384
385
386
387
386
385
384
383
384
385
384
383
382
381
382
383
382
381
380
381
382
381
380
379
380
379
378
377
377
376
375
374
375
374
373
372
373
374
375
376
375
376
375
374
373
372
371
372
373
372
371
370
370
369
370
371
370
369
368
369
370
369
368
367
368
367
368
367
366
367
367
368
369
368
367
368
369
370
369
370
369
368
367
368
367
366
365
364
363
364
365
366
367
368
369
370
371
372
373
374
375
376
377
376
377
376
375
374
375
376
377
378
379
378
379
378
379
378
377
378
379
378
377
376
375
374
373
372
371
372
373
372
371
370
369
368
367
366
365
364
363
364
363
364
363
364
365
364
363
362
363
362
361
360
361
360
361
362
363
362
361
360
359
360
359
360
359
358
357
358
357
356
355
354
355
354
355
356
357
356
355
356
355
354
353
352
353
352
353
354
355
354
353
354
355
356
357
358
359
360
361
360
360
359
358
357
356
355
356
355
356
357
356
355
354
355
356
355
356
357
358
359
360
361
362
363
364
365
366
367
368
369
370
371
372
371
370
371
372
371
370
371
372
371
370
371
372
371
372
371
370
369
370
369
370
371
370
371
372
371
372
373
374
375
376
377
378
379
380
379
378
377
376
377
378
377
376
375
374
373
372
371
370
370
369
368
367
368
367
368
367
368
367
366
365
364
363
362
363
362
361
360
359
358
357
358
357
356
355
354
355
356
355
354
355
354
353
354
353
352
351
352
352
353
354
355
354
353
352
353
352
351
350
349
350
349
348
347
346
345
344
343
342
341
341
342
341
340
341
342
341
342
341
342
343
344
343
342
341
340
341
342
343
342
341
340
339
338
337
338
339
338
339
338
337
336
335
334
333
332
331
330
331
332
333
332
331
332
331
332
331
330
331
330
329
328
327
326
325
324
325
326
327
328
329
330
331
330
330
331
330
331
332
331
332
332
333
334
333
334
333
332
333
334
333
334
335
334
333
334
335
334
333
334
335
336
335
334
333
332
331
330
329
330
329
328
329
330
329
328
327
328
327
328
329
328
327
326
327
326
325
325
324
323
324
323
322
321
320
319
318
319
320
319
320
321
322
323
324
325
326
327
328
329
330
329
328
327
326
325
326
325
324
323
322
321
320
319
320
319
318
319
318
318
317
316
315
314
313
312
311
310
311
310
309
310
309
308
309
308
309
308
307
306
305
304
303
304
305
306
307
308
307
308
307
308
309
308
307
306
306
305
306
307
308
309
308
308
309
308
307
308
307
308
309
308
307
306
305
306
305
304
303
304
305
306
305
306
307
306
307
306
305
304
304
303
302
301
300
299
300
299
298
297
298
297
296
295
294
293
292
293
292
291
290
291
290
289
288
287
286
287
286
285
284
285
284
283
282
283
282
281
280
279
278
279
278
277
278
279
278
277
278
279
278
279
280
281
282
281
282
281
280
280
281
280
279
278
279
278
277
276
277
276
275
274
273
273
272
273
272
271
270
269
268
267
266
265
266
265
264
265
264
263
262
263
264
263
262
263
262
261
260
259
260
259
260
259
260
261
260
259
260
259
258
259
260
261
262
263
262
261
260
261
260
259
260
261
260
259
258
259
258
259
260
261
262
261
260
259
258
257
258
257
256
255
256
257
258
257
256
257
256
255
254
253
252
251
250
251
252
251
252
253
254
255
256
257
258
259
260
259
260
259
258
259
260
259
258
257
256
255
254
255
256
255
256
257
256
255
254
253
252
251
250
249
250
251
250
251
250
249
248
247
246
245
244
243
244
245
244
243
242
241
240
241
240
239
238
239
238
237
236
235
236
237
238
237
238
237
236
235
234
233
232
233
234
235
236
235
234
235
236
235
236
235
234
235
234
233
234
233
234
234
233
232
231
230
231
230
229
230
229
228
227
226
226
227
226
225
224
223
222
223
222
223
222
221
220
219
218
219
218
217
216
217
216
215
214
213
212
211
212
211
210
209
210
209
208
207
206
206
207
207
206
205
206
205
206
206
207
206
207
206
205
204
205
206
205
206
207
206
205
206
205
206
207
206
205
204
203
204
203
202
201
202
201
202
203
202
201
202
201
200
199
198
197
196
197
196
195
194
193
194
193
192
191
192
191
192
191
190
189
188
187
186
187
186
187
186
187
188
187
186
187
186
185
184
185
186
185
184
185
184
183
182
181
182
183
182
181
180
181
182
183
182
181
182
183
184
185
186
185
184
183
182
181
180
179
180
181
180
181
182
181
182
183
182
181
180
181
182
183
184
185
186
185
186
185
186
185
186
187
186
185
184
185
184
183
182
183
184
185
184
183
184
185
184
183
184
185
184
185
184
183
182
181
180
181
182
181
180
179
180
179
180
179
178
179
178
179
180
179
180
180
179
180
181
180
181
180
179
178
178
177
178
177
176
177
176
177
176
177
176
175
176
175
174
173
172
171
170
169
170
171
172
171
172
171
170
169
168
167
166
167
166
165
166
167
168
167
168
167
166
165
164
165
164
164
165
164
163
162
161
162
161
162
161
160
159
158
157
158
157
158
157
158
159
158
159
158
159
158
157
156
157
158
157
156
157
158
159
160
159
158
159
158
157
158
157
156
157
156
155
154
154
155
156
157
156
157
156
156
155
154
155
154
153
154
153
152
153
152
153
152
151
150
151
150
149
148
149
148
149
148
149
148
149
148
149
148
149
150
150
151
150
151
152
153
152
151
150
149
148
149
148
148
147
148
147
146
145
144
143
144
145
146
145
146
145
146
145
144
143
142
141
142
141
140
140
139
140
139
140
141
142
141
142
143
144
143
142
141
142
143
142
141
142
143
142
141
140
141
141
140
139
138
139
140
141
142
143
142
141
140
139
140
141
140
139
138
139
138
139
140
139
138
137
136
137
136
137
138
139
138
137
138
137
137
136
135
136
137
138
139
138
138
137
138
137
136
135
136
135
134
133
132
133
132
133
134
133
132
131
132
131
130
129
128
127
126
127
126
125
124
125
124
123
122
121
122
121
120
119
118
119
118
119
118
119
120
121
120
121
122
123
122
123
124
123
124
123
122
123
122
123
122
121
122
123
124
123
122
123
124
125
124
123
122
121
120
121
120
119
118
119
120
121
120
119
118
117
118
119
118
117
118
119
118
119
120
121
120
121
120
119
118
119
120
121
122
123
122
121
120
119
120
121
120
119
118
117
118
117
116
115
116
117
116
115
116
115
114
113
112
111
112
113
112
111
110
109
110
109
110
109
108
109
108
109
110
111
112
111
110
111
112
111
112
113
112
113
112
113
112
111
110
109
108
109
110
111
110
111
110
109
108
109
110
110
111
112
111
110
111
110
111
110
111
112
113
112
111
112
111
110
111
110
111
110
109
108
107
108
107
108
109
108
107
106
105
104
103
104
103
102
103
102
103
102
103
102
101
102
101
102
103
104
105
106
105
104
103
104
103
102
103
104
105
104
105
104
105
104
103
102
101
100
101
102
103
102
103
102
103
104
103
104
103
102
103
102
103
104
105
106
107
108
109
108
107
108
109
110
109
110
111
110
111
110
109
108
107
106
107
106
105
106
105
104
103
104
105
106
107
106
107
106
107
106
107
108
107
107
106
107
106
107
106
105
104
105
104
105
104
105
104
105
104
103
102
101
102
103
102
101
