189
188
187
186
185
184
183
184
183
182
181
182
181
180
181
180
181
180
181
182
183
184
183
182
181
180
179
180
179
178
179
180
180
181
182
183
184
183
182
181
182
183
183
182
181
182
181
180
179
178
179
180
179
179
180
179
180
181
182
183
184
183
184
185
184
183
184
183
182
183
184
183
182
181
182
183
184
185
186
187
188
189
188
189
188
189
190
191
192
193
194
195
194
195
194
193
194
193
194
193
194
195
196
195
194
193
192
193
194
195
194
195
196
197
196
195
195
194
193
194
195
194
193
194
193
194
195
194
195
194
195
194
193
194
193
194
193
194
193
194
195
194
195
196
197
196
197
196
195
196
197
196
195
194
195
194
195
196
195
196
195
194
193
194
193
192
193
193
194
193
194
195
196
195
196
197
196
195
196
195
194
195
194
193
194
195
194
195
194
195
194
195
194
195
194
195
196
195
196
195
196
195
196
195
196
195
194
195
196
195
194
195
194
193
194
195
196
197
196
197
198
197
198
197
198
197
196
195
195
196
197
198
197
198
197
198
199
198
197
196
195
196
195
196
195
196
195
194
193
194
195
194
195
196
197
198
199
198
199
200
199
198
199
200
199
200
199
200
200
199
198
199
198
199
200
201
200
201
200
201
200
201
202
203
204
203
202
201
200
199
198
199
200
201
200
201
200
201
200
201
202
203
202
203
204
203
204
203
202
203
204
205
204
205
206
207
208
209
210
211
212
213
214
215
216
217
218
219
220
219
220
220
219
220
221
222
223
224
225
226
227
226
225
226
225
226
227
228
229
228
227
226
227
228
229
230
231
232
233
234
235
234
233
232
231
230
231
230
231
230
231
232
231
230
231
230
229
230
231
230
229
228
229
228
229
230
231
232
231
230
231
230
231
232
233
234
235
234
233
234
235
236
235
236
235
236
237
238
237
238
239
240
239
238
239
238
237
238
239
238
237
236
237
238
239
238
237
238
237
238
237
236
237
238
237
236
237
238
237
236
235
236
237
238
239
238
239
240
239
238
237
238
237
238
239
238
239
240
239
238
239
238
237
238
239
238
237
238
239
238
239
238
237
238
237
236
237
238
237
237
236
235
234
235
236
237
236
237
238
239
238
237
238
237
236
235
236
235
234
235
236
235
234
233
234
233
234
233
234
233
234
235
236
237
236
237
236
237
236
237
238
237
236
235
234
233
234
233
234
233
234
233
234
233
232
233
232
233
232
233
234
235
234
233
234
235
234
235
234
235
236
237
238
239
240
241
242
241
242
243
242
243
244
243
244
245
244
245
244
245
246
247
248
249
250
251
252
253
252
253
254
255
256
257
256
255
256
257
256
255
254
255
256
255
256
255
254
253
254
255
254
255
254
255
256
257
256
255
254
255
255
256
257
258
259
258
259
260
259
258
259
258
259
260
261
262
263
262
263
264
263
264
263
262
261
262
261
260
261
262
261
260
261
260
259
258
257
256
255
256
257
256
255
254
253
252
253
254
253
254
255
256
257
256
257
256
257
256
257
256
257
256
257
258
258
257
258
257
256
255
256
257
258
259
258
259
258
258
257
258
257
256
255
256
257
258
259
258
257
258
259
260
261
262
261
262
263
264
265
266
265
266
265
266
267
266
267
268
269
268
267
268
269
268
267
266
266
265
266
265
266
265
264
265
266
267
266
265
266
267
268
267
268
269
270
271
272
271
272
271
270
271
270
269
270
269
270
271
270
271
272
273
272
273
272
273
272
271
270
271
270
271
272
273
272
271
270
269
268
267
266
267
266
265
266
267
268
269
270
269
270
269
270
269
268
269
270
271
272
273
274
275
274
273
272
271
270
271
272
271
272
271
270
269
270
271
270
269
268
269
268
269
268
269
268
269
268
269
270
271
272
273
274
275
276
277
278
279
280
279
280
281
282
283
284
285
286
287
286
287
288
287
288
287
286
287
288
289
290
291
292
293
292
293
294
293
294
293
294
295
296
297
298
299
300
301
300
301
302
301
302
301
300
300
301
300
300
299
298
297
296
295
294
295
296
295
296
295
296
295
294
293
294
295
294
293
294
295
296
297
296
295
296
297
298
297
298
299
300
299
300
299
298
299
300
299
299
300
301
302
303
304
303
304
304
305
304
305
304
305
305
304
305
304
304
305
306
305
306
307
308
307
308
307
306
305
306
307
308
309
308
309
310
311
310
309
308
309
308
309
308
309
309
308
309
308
307
306
306
305
304
305
306
305
304
305
304
305
306
305
306
307
306
307
308
309
310
311
310
309
308
307
308
307
308
307
306
305
304
305
306
305
306
305
304
303
302
301
300
301
302
303
304
305
304
303
302
301
300
299
298
297
298
299
300
299
300
301
300
299
300
299
298
299
300
300
299
300
299
300
301
302
301
302
303
304
303
304
303
302
303
304
305
306
307
308
307
306
307
306
307
306
307
306
307
308
307
308
307
306
307
308
309
310
311
312
313
314
315
316
317
318
317
316
317
318
319
318
317
316
317
316
317
318
317
316
317
318
317
318
317
316
317
318
317
318
319
320
321
320
321
320
321
320
321
320
321
320
321
322
321
322
321
320
319
320
319
320
319
320
319
320
321
322
323
324
325
324
325
325
324
325
326
325
326
327
326
327
326
327
326
325
324
325
326
325
324
323
322
321
322
321
322
321
320
319
318
317
318
317
318
319
318
317
318
319
318
317
316
315
316
317
316
315
316
317
318
317
316
317
318
317
318
319
318
319
318
319
320
319
318
317
316
317
318
319
320
321
320
321
322
321
321
320
321
320
321
320
321
320
319
318
317
316
315
316
317
318
319
320
321
320
321
322
323
322
323
324
325
326
326
327
326
325
324
325
326
327
328
327
326
327
328
329
330
331
330
331
332
331
332
333
334
333
332
331
332
333
334
335
334
333
334
335
334
333
332
333
334
335
336
335
336
337
336
335
335
334
333
334
333
334
335
334
333
334
335
334
333
332
333
332
333
334
333
332
331
332
331
330
331
330
329
330
329
330
329
328
329
330
329
330
329
328
329
328
329
330
330
331
332
331
332
333
334
335
336
337
338
339
340
341
340
341
342
343
344
345
346
347
346
347
346
347
348
349
349
348
349
350
351
350
351
350
351
352
353
352
351
352
351
352
353
352
353
354
353
354
355
356
357
356
355
354
355
354
353
354
353
352
351
350
349
348
349
350
349
348
349
350
349
350
351
352
351
352
351
350
349
348
347
348
349
350
350
349
348
347
348
347
348
349
348
349
350
349
350
351
350
351
352
351
350
349
348
347
346
347
346
345
344
345
346
347
346
345
344
345
346
345
346
345
346
345
344
345
346
347
346
347
348
349
350
351
352
351
350
351
352
353
352
351
350
349
350
349
348
349
350
351
352
351
350
351
352
351
352
353
352
351
352
353
352
351
352
351
352
351
352
353
352
353
352
353
354
355
356
357
356
357
356
355
354
354
353
352
353
352
353
352
351
352
353
354
355
356
356
355
356
357
356
355
356
355
354
355
356
355
354
355
356
355
354
353
354
353
354
353
352
353
354
353
354
355
354
355
356
355
356
357
356
357
356
355
354
353
354
355
354
355
354
353
352
353
354
353
352
353
354
353
354
355
356
355
356
355
356
355
356
357
358
359
360
361
362
363
364
363
362
361
362
361
360
359
358
357
356
355
356
357
356
356
357
358
357
356
357
356
357
358
358
359
360
361
362
361
360
361
360
361
360
361
362
363
364
363
364
365
364
363
362
363
362
361
360
359
358
357
356
355
356
357
358
359
360
361
360
361
362
361
360
359
358
357
356
357
358
359
360
361
361
360
359
358
357
358
358
357
356
355
356
357
356
357
356
357
356
357
356
355
354
355
356
357
358
357
356
357
356
355
354
353
354
355
354
355
356
355
354
353
352
351
350
349
348
347
348
349
350
351
352
351
352
353
354
354
353
354
355
356
357
356
355
354
353
354
353
352
351
351
350
349
350
349
349
350
349
350
351
350
349
348
349
350
349
350
350
349
350
349
349
350
351
352
353
354
353
352
353
354
354
355
354
355
354
355
354
353
352
353
352
353
352
353
352
352
351
352
351
350
349
350
349
348
349
348
347
348
349
350
351
350
349
350
349
348
349
348
349
348
349
348
349
348
347
348
347
348
349
348
347
346
347
348
347
348
349
348
348
349
348
347
346
347
346
347
348
347
346
345
346
345
344
345
346
347
348
349
350
351
352
353
354
355
356
357
358
359
360
361
362
363
364
365
366
367
368
369
370
371
372
373
374
375
376
377
378
379
380
381
382
383
384
385
386
387
386
385
386
385
384
384
385
384
385
384
385
384
384
383
383
382
381
380
379
378
377
376
375
374
373
374
373
372
371
370
369
370
369
368
367
366
365
364
363
362
361
360
361
360
359
358
359
360
361
362
361
360
359
360
359
358
357
356
355
354
353
352
351
350
349
348
347
346
347
346
347
346
345
344
345
344
343
344
345
344
345
344
343
342
341
340
339
340
341
340
341
340
339
338
337
336
335
334
333
332
331
332
331
330
331
330
329
329
328
327
328
327
326
327
326
325
324
323
322
321
322
323
322
323
322
321
322
321
320
319
320
321
322
323
322
321
322
321
322
321
322
323
322
323
323
322
323
322
321
320
319
318
317
318
318
319
318
319
320
319
318
317
318
317
316
317
316
317
317
318
317
316
317
316
315
316
315
314
313
312
311
310
311
312
311
310
309
308
307
308
309
309
308
309
308
309
310
309
308
307
307
308
309
308
307
306
305
304
305
304
303
302
301
300
301
300
299
300
301
302
303
304
305
306
307
306
307
306
307
306
307
308
307
308
309
308
307
306
305
306
307
306
307
308
309
310
309
310
309
308
309
310
311
310
309
310
309
309
308
307
308
307
306
307
306
307
306
305
304
304
303
302
303
304
305
304
303
304
305
304
303
302
303
302
301
300
299
298
297
296
297
296
297
296
295
294
293
294
295
294
293
292
293
294
295
296
297
296
295
294
295
296
295
294
294
295
294
293
292
291
292
293
292
293
294
295
294
293
292
291
290
289
288
287
286
287
286
285
284
283
284
283
284
285
284
285
286
287
288
287
286
287
286
285
284
283
284
285
284
283
284
285
284
283
282
283
282
281
282
283
282
283
284
285
286
287
286
287
288
287
286
285
284
283
282
283
284
283
282
283
282
281
280
279
280
280
279
278
277
276
277
278
279
278
279
280
279
278
277
276
275
274
273
274
273
274
273
272
271
270
269
270
269
270
269
268
267
268
267
266
265
266
266
267
266
265
266
267
268
269
270
269
268
269
270
271
272
271
270
269
270
269
268
269
270
271
270
270
271
272
271
270
271
270
269
268
267
268
267
266
267
268
267
268
269
270
271
272
273
274
273
274
275
274
275
274
273
272
271
270
269
268
267
268
267
266
267
266
265
266
265
264
265
266
265
266
267
266
265
264
263
262
261
260
261
260
259
260
259
258
259
260
261
260
261
262
263
262
261
262
263
262
261
260
261
262
261
260
259
260
261
261
260
261
262
261
260
261
260
261
260
261
260
259
258
257
256
255
254
253
254
255
254
253
254
255
254
255
254
253
252
253
252
251
250
249
248
249
250
249
248
247
246
247
248
249
250
249
250
249
248
247
246
245
246
247
246
245
244
243
244
243
243
244
245
246
247
246
246
246
247
246
245
246
245
244
243
242
241
242
241
242
243
242
241
242
241
240
241
240
239
238
239
238
237
238
237
238
239
238
239
238
239
238
237
236
235
235
234
233
233
234
235
234
235
236
235
236
235
236
237
238
238
239
240
239
240
241
240
239
240
239
238
237
236
235
234
233
232
231
230
231
230
229
230
229
228
227
227
228
227
226
227
228
229
230
229
230
231
231
230
229
230
229
228
227
228
227
228
229
230
230
231
230
231
230
229
228
227
226
225
224
223
224
225
224
223
224
225
224
223
224
225
226
227
228
229
228
227
226
227
227
228
227
226
227
226
225
224
223
222
223
222
221
220
219
218
219
218
219
220
221
220
221
222
221
220
221
222
221
220
219
218
219
220
221
220
219
220
221
220
219
220
221
220
219
220
219
218
217
218
219
220
219
218
219
220
219
218
217
218
219
220
219
218
217
216
215
214
215
216
217
216
217
218
217
216
215
216
217
216
215
214
215
214
213
212
211
212
213
212
211
212
211
210
211
210
209
208
207
208
209
210
209
208
207
208
209
208
209
208
207
208
209
210
211
212
211
212
213
214
214
213
214
215
214
213
212
211
212
211
210
209
208
208
209
210
211
210
211
210
209
210
211
212
213
213
214
215
216
215
214
213
214
215
216
215
214
215
214
213
212
211
212
213
214
213
214
213
212
213
212
211
211
210
211
212
213
212
211
210
211
210
209
208
207
208
207
206
205
204
205
204
203
204
205
206
205
204
203
204
203
204
203
204
203
204
205
204
203
204
205
204
205
206
207
208
209
210
211
210
209
208
207
206
207
206
205
206
205
206
207
206
205
204
204
203
202
201
202
201
202
203
202
201
200
201
200
199
200
201
202
201
202
201
202
201
202
203
202
203
202
201
200
201
202
201
200
201
200
201
202
203
204
203
204
205
204
203
204
205
204
203
202
201
202
203
204
205
204
203
202
203
202
201
200
199
198
197
196
197
196
197
196
195
194
195
194
193
194
195
195
194
195
196
195
194
195
194
193
192
191
190
191
192
191
192
193
192
193
194
195
194
193
194
195
196
197
198
198
197
196
195
194
193
193
194
195
194
193
194
195
196
196
197
196
195
196
197
196
195
196
197
196
195
195
196
195
196
197
196
197
196
195
195
194
193
194
193
194
195
196
195
194
193
192
193
194
195
194
195
196
197
196
197
196
195
194
193
194
193
194
195
194
195
194
195
194
193
194
193
192
193
192
191
191
190
190
189
190
189
188
187
188
187
188
189
188
187
188
187
186
187
186
185
186
185
186
185
184
183
182
183
184
185
184
185
186
185
184
185
185
184
185
186
187
186
187
187
187
186
185
186
187
186
187
186
185
184
185
186
187
188
187
188
187
186
185
184
183
182
181
180
179
178
177
178
179
180
179
178
179
180
181
180
181
182
182
183
182
183
182
183
184
183
182
183
184
185
186
187
188
189
188
187
186
187
188
187
188
188
188
187
186
185
184
183
182
181
182
181
180
179
180
181
182
183
184
183
184
185
186
187
188
187
188
189
188
187
186
187
188
189
188
187
186
185
186
187
186
187
186
185
186
187
186
187
186
185
184
183
184
185
185
184
185
184
185
186
187
186
185
184
184
185
184
183
184
185
184
185
186
187
186
185
186
185
184
185
186
187
188
189
188
187
186
187
186
187
188
188
187
188
189
188
187
188
187
188
187
188
187
186
187
188
187
186
185
184
185
184
185
184
185
186
187
188
189
190
191
190
189
190
191
192
191
190
189
188
189
190
191
192
191
192
193
194
195
196
195
196
197
198
197
196
195
194
193
194
193
194
193
192
191
190
189
188
187
188
188
189
188
187
188
189
188
187
186
185
186
187
186
186
187
188
189
188
189
188
187
186
185
186
185
184
183
182
183
184
183
182
181
182
183
184
185
186
187
186
185
184
183
182
183
184
185
184
185
184
185
186
187
188
189
190
191
190
191
192
191
190
189
189
188
189
190
189
188
187
188
189
188
189
190
189
190
189
188
187
188
189
190
189
190
191
192
193
194
193
194
195
194
195
196
197
196
197
198
199
200
199
200
199
198
199
200
201
200
199
198
199
198
197
196
195
194
193
192
191
192
191
190
189
190
191
190
189
190
191
190
189
190
191
190
189
190
189
190
191
191
190
191
192
193
194
193
192
193
192
191
192
191
192
191
190
189
188
187
186
185
184
185
184
185
186
187
188
189
190
191
190
189
190
191
190
189
188
189
188
187
187
188
189
188
187
186
187
186
185
186
185
184
183
184
185
186
187
188
189
190
191
192
191
190
189
188
187
188
187
186
185
186
187
188
189
190
191
190
189
190
191
190
189
190
189
190
189
190
189
188
187
188
187
188
189
188
187
188
189
190
189
188
189
189
190
190
191
192
193
194
193
192
193
194
193
194
193
192
193
192
191
190
189
188
189
190
189
190
189
190
191
190
189
190
191
190
191
192
191
190
189
190
191
192
