127
122
132
137
147
157
167
177
167
157
147
154
154
144
134
124
114
112
104
95
105
115
125
135
145
135
145
155
145
135
125
119
113
110
113
123
133
143
134
131
141
151
151
161
171
181
175
185
175
165
155
145
135
125
115
125
122
112
102
92
91
81
91
101
111
121
111
109
99
109
119
128
125
115
113
110
100
103
93
103
113
123
133
143
133
123
133
123
123
133
123
117
107
106
116
112
102
92
102
112
122
132
126
116
106
116
124
114
107
117
124
134
137
147
137
147
157
155
165
175
165
164
174
164
154
144
134
144
134
144
134
126
136
136
146
156
146
139
129
139
129
119
109
119
129
139
149
139
129
139
149
152
145
141
131
141
131
121
111
101
111
121
130
120
112
122
132
130
120
113
123
133
143
153
143
133
140
130
120
130
140
150
158
148
138
136
126
116
126
136
146
156
158
148
138
128
134
124
114
124
134
136
146
145
144
136
146
136
144
154
144
134
124
118
108
118
128
138
148
138
128
118
108
118
128
134
126
136
142
139
129
134
124
134
144
154
154
144
154
150
140
135
145
155
145
150
140
130
120
123
133
143
153
163
160
168
178
168
178
168
178
168
158
164
154
144
134
124
114
124
134
144
134
139
149
139
129
119
129
119
129
139
129
137
129
139
129
137
133
143
153
163
156
146
143
151
161
171
161
151
141
148
138
128
118
108
101
111
121
121
131
128
138
134
144
134
129
131
121
111
109
119
111
121
131
141
147
154
144
154
164
166
163
153
143
133
123
113
103
93
92
102
94
104
114
124
114
124
128
138
148
158
148
138
128
138
148
143
133
143
153
163
165
155
145
155
145
145
155
165
170
160
150
160
150
140
150
146
156
166
156
146
136
126
116
117
127
117
118
128
136
126
116
115
125
135
145
155
165
175
183
188
178
168
158
168
161
151
141
131
121
111
117
127
117
127
137
147
141
151
151
141
151
141
151
141
131
121
111
121
131
129
119
120
130
140
150
160
150
140
150
160
161
171
161
151
141
131
125
135
125
121
131
130
122
126
116
106
116
126
136
136
146
139
149
139
149
159
169
179
184
174
184
174
184
174
183
173
163
153
158
148
141
131
132
142
132
122
132
127
117
127
137
127
127
117
112
122
126
116
106
112
107
110
120
130
137
147
137
127
119
116
126
136
146
136
126
116
121
111
101
111
121
131
140
134
124
114
124
115
125
135
133
131
141
131
134
126
136
145
155
145
136
146
136
126
116
126
133
143
134
144
154
144
154
144
148
138
128
118
108
98
92
102
112
102
112
122
132
125
130
140
150
160
164
174
184
174
164
154
144
134
124
115
125
115
125
135
125
115
119
117
127
137
147
157
167
157
147
137
127
123
133
123
113
115
105
96
106
112
113
123
133
143
153
163
166
156
146
136
132
142
132
122
127
119
129
119
125
118
108
118
128
138
145
135
125
126
136
133
123
116
126
131
124
114
104
114
124
134
144
154
148
158
148
158
168
158
148
138
128
118
116
119
129
127
132
122
129
139
130
140
133
123
133
143
153
143
133
123
119
122
115
125
135
145
155
165
166
156
166
156
166
156
166
168
158
148
138
134
144
154
144
134
124
114
124
128
118
108
118
108
118
115
125
115
105
113
123
125
135
145
150
160
155
145
135
142
152
162
152
142
132
122
112
102
92
102
112
122
132
134
133
142
152
142
143
134
124
134
124
114
104
114
124
127
137
127
137
127
137
127
137
133
143
137
127
137
127
117
107
117
107
117
107
101
111
121
111
101
102
112
122
132
142
132
142
144
134
124
114
124
134
144
154
144
154
144
154
155
165
155
165
175
165
155
145
135
145
152
142
146
136
133
123
113
123
133
136
126
136
146
136
126
116
126
116
119
115
123
124
114
104
114
108
118
128
138
148
158
168
173
163
153
143
133
123
133
123
127
117
121
114
104
114
124
134
144
154
144
134
131
121
113
123
126
124
122
112
104
114
124
134
144
154
144
154
149
145
135
145
135
125
115
116
113
123
113
123
133
136
146
156
157
147
148
157
147
137
147
157
167
177
167
177
181
191
181
191
181
171
161
171
161
151
141
151
141
131
121
118
117
116
106
96
106
116
106
116
126
116
126
125
133
123
133
135
145
155
165
155
145
135
125
135
145
135
125
115
105
95
85
94
104
114
124
134
131
137
128
122
112
122
112
102
99
104
94
104
114
124
134
144
154
164
174
164
154
144
134
144
140
136
146
136
137
129
119
109
112
102
112
122
132
142
152
162
152
146
156
146
136
126
116
106
104
114
124
134
144
154
164
154
144
154
144
154
151
141
131
121
111
107
97
107
117
127
137
127
119
109
119
129
119
129
127
137
127
117
117
107
110
120
130
140
130
140
131
141
151
141
131
141
151
141
131
121
131
121
111
101
103
113
123
133
123
133
143
133
125
135
125
135
145
135
133
123
133
143
153
143
153
160
150
157
147
145
135
145
135
145
135
125
122
132
142
132
122
112
113
105
115
125
135
145
155
165
175
165
155
145
150
140
150
160
170
180
190
180
190
193
183
193
183
173
163
167
157
158
148
138
128
118
113
103
113
108
113
123
133
143
151
161
151
141
131
121
131
141
137
127
137
144
154
144
138
129
139
149
159
169
179
189
179
169
159
149
139
141
151
141
150
140
134
124
114
117
127
137
142
145
149
139
129
119
129
119
109
112
102
112
122
112
102
102
112
122
132
142
151
161
151
154
164
154
155
145
135
130
120
112
103
113
103
113
123
122
132
123
116
126
136
126
136
146
156
166
176
166
176
166
169
179
170
160
170
180
170
170
160
150
140
140
143
153
163
158
148
138
128
138
128
128
118
128
118
128
138
148
151
154
164
154
164
154
157
154
144
144
154
144
136
126
121
111
101
111
121
131
121
131
141
151
160
170
180
182
192
202
212
202
192
182
172
162
152
144
154
144
134
124
114
104
109
119
129
119
129
139
145
135
125
135
142
132
122
112
102
112
102
112
122
132
142
132
125
135
145
135
125
125
124
134
137
147
137
147
157
147
157
167
177
167
157
147
137
127
137
127
117
107
97
107
117
127
137
147
137
147
157
149
158
168
158
149
159
166
175
185
175
165
175
175
166
156
146
136
146
136
146
150
140
130
120
110
119
109
119
129
122
112
102
101
111
118
108
100
110
108
118
108
112
116
122
132
122
132
142
152
153
143
133
127
117
112
122
132
122
112
102
101
91
97
97
107
109
99
89
88
91
101
111
121
131
134
134
144
154
161
171
181
191
181
171
161
171
161
171
181
171
161
162
152
142
132
122
132
136
126
116
107
104
97
87
97
107
117
118
108
104
105
95
105
115
105
115
125
133
143
133
123
113
103
113
123
133
143
144
154
153
157
167
170
161
161
151
161
171
161
151
141
143
153
146
156
146
156
146
136
146
142
149
152
142
132
142
152
142
152
145
155
155
165
155
165
175
165
171
181
171
161
151
141
131
121
111
110
120
130
140
150
140
130
122
132
142
142
137
140
150
160
170
160
154
164
167
166
156
166
176
166
156
146
136
146
136
126
116
126
136
146
156
160
160
170
160
170
160
170
169
159
154
159
149
147
137
147
157
158
148
138
128
138
148
138
148
155
147
137
147
137
147
157
167
177
167
157
147
137
127
131
137
127
137
127
117
125
115
105
106
96
106
116
112
122
132
142
132
142
152
142
136
146
136
126
116
106
113
103
101
111
101
91
101
111
116
126
136
146
156
146
143
153
143
133
143
153
163
153
163
157
167
177
187
197
207
197
187
177
178
168
158
148
158
148
138
128
118
121
131
121
131
140
130
120
125
135
130
140
138
128
138
148
138
148
158
148
138
128
118
128
138
128
118
124
115
125
115
121
131
141
143
153
143
153
143
135
143
153
152
142
152
142
135
145
135
125
115
105
98
108
118
128
137
127
137
147
157
167
172
162
172
181
182
172
162
152
142
132
122
112
108
118
128
138
148
148
158
153
163
163
153
143
133
143
153
163
153
143
133
132
126
136
146
156
166
156
146
156
152
162
152
142
140
150
160
162
152
145
155
165
175
185
175
165
155
150
140
130
120
130
120
130
129
128
136
146
143
153
163
163
167
166
156
146
136
146
154
144
134
125
115
119
122
112
122
132
122
112
102
98
106
116
120
110
120
130
140
143
153
163
172
182
172
172
162
152
162
161
151
141
131
121
111
107
117
112
122
124
134
144
146
156
166
176
173
183
173
183
173
163
153
143
145
155
145
135
145
155
152
162
172
182
172
170
160
170
180
170
172
182
172
182
173
168
178
172
162
172
162
152
142
152
142
152
143
153
143
133
130
140
150
160
159
149
139
149
159
149
159
169
159
149
139
140
145
148
138
148
138
146
156
166
176
186
176
186
186
196
199
191
201
191
181
171
161
160
170
160
150
140
139
149
155
165
175
185
195
185
182
192
182
192
199
193
199
189
179
169
159
169
179
173
173
177
181
171
172
162
172
182
192
202
192
202
212
202
192
202
192
182
172
173
163
158
159
169
179
182
177
187
197
187
177
177
185
195
202
212
222
212
202
192
182
172
182
172
162
155
165
169
159
167
157
167
177
167
177
187
185
175
165
155
165
175
185
195
185
180
181
171
161
152
142
132
142
152
142
151
150
140
150
160
170
160
170
160
150
143
133
143
149
139
142
146
146
151
160
150
160
170
175
173
183
193
183
184
174
184
194
184
194
184
194
196
206
196
196
206
216
226
216
207
217
207
197
194
184
174
164
174
164
154
144
154
149
139
129
139
149
139
149
145
155
165
155
145
155
165
155
165
175
185
195
185
175
169
160
170
162
170
180
190
200
190
190
180
171
161
151
141
147
137
131
141
145
144
154
163
167
177
171
165
175
185
182
192
202
192
202
192
202
199
209
199
189
199
189
199
200
199
209
219
209
202
206
196
186
176
166
156
146
136
131
141
151
161
171
161
171
181
191
181
191
181
191
201
211
211
220
217
227
217
207
201
205
201
195
185
175
165
162
152
142
145
155
155
165
175
179
169
163
173
163
159
169
176
184
174
184
194
184
194
184
194
197
187
177
187
177
169
179
181
191
193
183
185
175
185
185
175
165
164
164
154
162
152
142
152
162
157
151
161
151
161
171
166
159
169
161
171
181
191
181
176
166
176
181
171
181
181
171
161
171
161
161
151
149
139
129
119
119
129
139
142
152
142
152
162
166
176
166
172
182
192
202
212
222
212
222
232
222
232
222
212
202
198
188
178
168
162
158
168
167
177
184
188
178
168
158
168
178
168
171
181
171
181
191
181
171
161
152
162
172
171
161
151
155
165
175
165
155
157
147
139
141
140
150
159
169
167
157
167
177
187
177
182
172
162
172
162
152
158
168
158
148
138
128
138
137
137
147
157
166
176
184
194
204
214
204
209
199
209
201
191
185
175
179
169
159
152
142
152
162
172
162
172
172
162
154
164
174
184
194
204
194
184
194
184
194
204
194
204
194
184
174
166
160
170
180
179
189
196
186
176
186
176
166
176
186
196
194
204
214
222
212
202
205
206
216
206
196
186
176
182
192
202
212
202
192
202
192
182
172
162
172
173
183
193
183
179
176
169
159
169
179
184
194
184
174
179
189
179
181
171
178
188
198
200
210
200
190
200
190
180
170
180
170
180
170
160
150
140
130
139
130
131
132
139
148
158
168
178
168
178
188
182
181
171
181
191
201
211
201
191
190
200
190
200
190
200
202
212
202
192
182
172
182
172
182
192
182
172
182
172
162
172
182
192
202
196
186
176
186
188
190
180
173
178
188
178
168
170
160
170
180
190
191
201
191
181
171
181
191
181
171
181
176
166
174
181
171
181
182
192
185
195
205
195
205
199
209
199
189
199
197
187
177
181
171
181
178
188
198
188
182
192
182
190
185
176
186
196
206
196
186
176
185
195
205
195
199
209
219
209
199
189
192
202
212
202
201
201
191
201
191
201
211
221
220
210
200
205
195
185
175
165
175
185
175
185
179
169
159
169
159
149
159
169
179
189
199
189
179
176
166
176
166
156
166
164
173
181
191
181
171
181
171
181
171
181
171
161
171
181
179
189
179
175
182
172
179
169
163
173
183
193
183
173
163
153
145
155
145
140
150
151
141
151
161
164
154
164
174
179
173
164
170
160
158
150
148
146
146
156
146
156
166
176
169
179
178
169
159
169
179
189
199
208
218
228
218
208
198
208
215
210
220
210
220
210
200
190
200
190
180
190
180
170
160
166
156
166
167
157
164
154
152
162
172
162
172
162
172
162
152
142
132
142
133
143
153
158
160
170
180
190
180
190
180
170
169
179
169
159
169
159
149
159
169
169
179
170
176
186
190
180
172
168
171
181
191
181
171
181
191
201
200
190
182
183
184
174
166
172
182
192
182
192
197
187
177
167
177
187
197
189
199
209
219
215
225
215
205
215
225
235
225
215
225
215
205
215
211
201
191
194
184
194
188
178
188
184
194
204
211
201
209
205
195
205
195
185
176
186
196
190
200
190
180
190
198
193
183
173
183
173
183
193
203
193
183
193
183
173
163
153
143
133
143
153
163
161
168
158
155
165
175
185
195
185
178
168
178
168
178
181
191
198
208
198
188
178
188
198
208
198
190
200
190
180
181
171
175
165
157
167
157
167
177
167
167
177
187
197
207
217
221
224
234
239
229
239
229
219
209
219
212
222
232
238
228
218
221
211
221
211
201
191
181
171
161
171
171
161
169
159
149
159
169
179
189
179
189
194
199
189
179
178
168
178
188
184
174
164
154
164
174
172
182
192
187
197
187
184
194
184
174
175
185
175
165
156
166
176
186
190
180
190
180
177
187
197
187
177
187
177
167
172
168
158
155
165
155
165
164
174
184
181
176
180
181
171
181
178
168
161
151
145
146
156
166
176
186
196
206
199
189
179
189
199
189
199
209
219
209
199
189
199
208
198
199
209
199
189
179
174
184
181
191
187
197
187
177
184
194
184
174
184
192
202
212
211
201
210
200
190
191
201
198
190
180
181
171
181
191
181
171
181
187
177
167
157
147
137
147
152
162
172
162
172
163
173
172
176
166
176
166
156
166
176
166
176
186
181
171
161
161
169
159
169
179
169
159
169
159
149
147
137
147
157
147
157
149
139
146
139
137
147
157
158
148
139
149
159
149
154
164
174
184
189
199
189
196
186
176
186
176
166
156
155
165
155
152
162
152
154
144
154
160
150
153
143
153
163
169
172
162
152
142
152
162
152
148
141
135
145
139
129
121
131
141
151
161
167
157
164
154
152
162
152
153
152
162
172
162
152
162
152
162
172
162
153
148
151
161
171
174
164
154
164
174
184
174
184
174
164
154
164
174
166
156
160
170
169
179
169
170
160
170
180
190
200
190
200
190
200
210
204
194
204
194
204
196
186
179
189
199
209
219
229
219
209
218
228
218
228
218
208
198
188
178
171
181
173
183
193
194
203
193
185
175
185
181
191
195
194
195
205
215
205
215
205
215
225
215
205
195
187
183
193
203
203
193
203
203
193
185
175
185
195
205
195
191
182
179
176
186
196
206
205
197
191
193
199
209
199
189
187
197
190
180
170
179
185
175
185
195
193
203
212
202
192
182
192
202
192
202
203
194
184
194
188
178
188
198
196
186
196
186
196
186
196
206
216
226
216
226
236
226
236
226
236
226
236
226
216
206
216
206
216
211
201
191
188
178
168
178
188
198
208
205
215
225
235
245
235
225
215
205
195
205
215
210
200
190
180
190
200
210
200
190
180
187
188
198
188
193
183
193
200
190
180
190
197
207
212
222
232
222
212
202
212
202
199
189
199
189
199
189
179
189
179
169
179
189
179
189
199
190
182
172
182
192
196
186
196
187
177
167
166
176
186
196
186
196
206
196
189
185
175
185
195
185
195
185
195
185
195
196
206
196
206
196
196
186
176
166
169
179
169
167
177
176
173
163
173
183
193
202
199
189
179
169
179
189
179
169
162
172
162
172
179
182
192
182
191
201
191
201
191
184
174
184
174
164
156
166
176
173
163
173
181
191
201
196
186
176
186
193
203
193
196
186
194
204
194
184
174
164
170
161
171
181
191
184
185
175
185
195
185
178
188
196
186
176
186
196
186
176
186
196
206
202
212
220
210
220
210
220
